0 0.0037581920623779297
1 0.10626888275146484
2 0.20412468910217285
3 0.3026444911956787
4 0.4022364616394043
5 0.5034744739532471
6 0.6036787033081055
7 0.7047181129455566
8 0.7992563247680664
9 0.8948822021484375
10 1.0024642944335938
11 1.1025776863098145
12 1.2040541172027588
13 1.303563117980957
14 1.4054961204528809
15 1.5032856464385986
16 1.6057000160217285
17 1.7084593772888184
18 1.8048386573791504
19 1.9051711559295654
20 2.004072904586792
21 2.1075820922851562
22 2.199902296066284
23 2.303499937057495
24 2.404914379119873
25 2.505659818649292
26 2.6009092330932617
27 2.7025489807128906
28 2.8061444759368896
29 2.9014010429382324
30 3.005002975463867
31 3.1057965755462646
32 3.209829568862915
33 3.3075547218322754
34 3.411609411239624
35 3.502741575241089
36 3.604057550430298
37 3.70542049407959
38 3.806165933609009
39 3.902209758758545
40 4.004607915878296
41 4.101417064666748
42 4.205169200897217
43 4.3084716796875
44 4.408307313919067
45 4.504486083984375
46 4.606359243392944
47 4.706055402755737
48 4.8033483028411865
49 4.902250528335571
50 5.008403539657593
51 5.106092929840088
52 5.217408180236816
53 5.306930780410767
54 5.403607368469238
55 5.505720138549805
56 5.60326886177063
57 5.70899772644043
58 5.806539535522461
59 5.902913331985474
60 6.0053322315216064
61 6.101071834564209
62 6.205476999282837
63 6.3073790073394775
64 6.407690525054932
65 6.507034540176392
66 6.601010084152222
67 6.706256866455078
68 6.806127548217773
69 6.905951499938965
70 7.003003120422363
71 7.106781005859375
72 7.203897714614868
73 7.309211730957031
74 7.410355806350708
75 7.506994247436523
76 7.603909492492676
77 7.703815460205078
78 7.806166648864746
79 7.902917861938477
80 8.00745415687561
81 8.106693267822266
82 8.203864097595215
83 8.306080341339111
84 8.401252031326294
85 8.506230592727661
86 8.607581853866577
87 8.713105916976929
88 8.805510759353638
89 8.906105279922485
90 9.008312463760376
91 9.105400085449219
92 9.2080078125
93 9.311652660369873
94 9.403334379196167
95 9.50559139251709
96 9.60331416130066
97 9.70319652557373
98 9.805564165115356
99 9.904681205749512
100 10.004644870758057
101 10.104603290557861
102 10.2087082862854
103 10.303494930267334
104 10.400068759918213
105 10.502905368804932
106 10.600894689559937
107 10.702317953109741
108 10.801169633865356
109 10.90450143814087
110 11.003021001815796
111 11.106590986251831
112 11.201113939285278
113 11.304505348205566
114 11.405236721038818
115 11.504611492156982
116 11.60135293006897
117 11.70581865310669
118 11.805848836898804
119 11.909130334854126
120 12.007570266723633
121 12.103668689727783
122 12.205706357955933
123 12.305286407470703
124 12.405627012252808
125 12.500308990478516
126 12.605083703994751
127 12.7057204246521
128 12.801308870315552
129 12.905463695526123
130 13.00166654586792
131 13.103965997695923
132 13.204654693603516
133 13.310307502746582
134 13.406642436981201
135 13.500991821289062
136 13.601718425750732
137 13.703004598617554
138 13.800786256790161
139 13.89809775352478
140 13.999143362045288
141 14.101292371749878
142 14.19920825958252
143 14.30211877822876
144 14.40104341506958
145 14.49735164642334
146 14.604098558425903
147 14.701954364776611
148 14.802001237869263
149 14.896409034729004
150 14.999638319015503
151 15.100545644760132
152 15.198147535324097
153 15.300098419189453
154 15.398114442825317
155 15.498783588409424
156 15.602766990661621
157 15.703498840332031
158 15.804040431976318
159 15.899832963943481
160 16.004630088806152
161 16.103283882141113
162 16.202067375183105
163 16.302675247192383
164 16.40556025505066
165 16.517266750335693
166 16.605353832244873
167 16.69890260696411
168 16.79912233352661
169 16.90076971054077
170 17.003029823303223
171 17.10090470314026
172 17.19633197784424
173 17.303255558013916
174 17.399515390396118
175 17.500757217407227
176 17.596314668655396
177 17.701546907424927
178 17.797868251800537
179 17.89897918701172
180 18.000292778015137
181 18.101266145706177
182 18.196993827819824
183 18.29605197906494
184 18.398066997528076
185 18.496122121810913
186 18.599160194396973
187 18.700467348098755
188 18.7992000579834
189 18.897369384765625
190 18.995355129241943
191 19.09331965446472
192 19.19617223739624
193 19.299983024597168
194 19.398496866226196
195 19.49393630027771
196 19.59672260284424
197 19.697133779525757
198 19.797856092453003
199 19.892564058303833
200 20.003225326538086
201 20.095513105392456
202 20.193776607513428
203 20.294601440429688
204 20.394031763076782
205 20.493516445159912
206 20.594337224960327
207 20.69431757926941
208 20.795423984527588
209 20.896188974380493
210 20.99462389945984
211 21.09457516670227
212 21.194310665130615
213 21.292819261550903
214 21.392049312591553
215 21.497335195541382
216 21.59166383743286
217 21.692540645599365
218 21.79486656188965
219 21.892673015594482
220 21.995755434036255
221 22.094337701797485
222 22.19454312324524
223 22.298750638961792
224 22.39691138267517
225 22.492899894714355
226 22.595298528671265
227 22.693203687667847
228 22.795889616012573
229 22.89650535583496
230 22.999969482421875
231 23.091084957122803
232 23.19584083557129
233 23.296494007110596
234 23.394768238067627
235 23.49896764755249
236 23.608160257339478
237 23.695435762405396
238 23.797433376312256
239 23.897525787353516
240 24.001232385635376
241 24.098602771759033
242 24.196069478988647
243 24.29876399040222
244 24.399941205978394
245 24.496933937072754
246 24.59533166885376
247 24.695642948150635
248 24.797237634658813
249 24.89082980155945
250 25.000085830688477
251 25.09881091117859
252 25.199766874313354
253 25.299046993255615
254 25.401843070983887
255 25.498685598373413
256 25.598952293395996
257 25.699100017547607
258 25.803783178329468
259 25.903040170669556
260 26.003681659698486
261 26.098308086395264
262 26.1999454498291
263 26.303411960601807
264 26.40299367904663
265 26.50011134147644
266 26.603786945343018
267 26.6987726688385
268 26.80202317237854
269 26.90095353126526
270 26.99814510345459
271 27.106735467910767
272 27.197723150253296
273 27.296103954315186
274 27.399985313415527
275 27.49874472618103
276 27.597948789596558
277 27.70147204399109
278 27.80171847343445
279 27.899638891220093
280 28.001022815704346
281 28.098937034606934
282 28.196678161621094
283 28.30173397064209
284 28.403443813323975
285 28.498931169509888
286 28.60198140144348
287 28.697920322418213
288 28.79601001739502
289 28.896429777145386
290 29.00191640853882
291 29.099470853805542
292 29.19709587097168
293 29.295379400253296
294 29.400728225708008
295 29.49990153312683
296 29.60046911239624
297 29.696832180023193
298 29.79585886001587
299 29.89100432395935
300 29.996088981628418
301 30.09496021270752
302 30.189745903015137
303 30.296618938446045
304 30.394315004348755
305 30.49380373954773
306 30.592338800430298
307 30.69553303718567
308 30.794612407684326
309 30.893690824508667
310 30.99290370941162
311 31.096522331237793
312 31.19056272506714
313 31.292815446853638
314 31.397038221359253
315 31.493399143218994
316 31.59335231781006
317 31.694584846496582
318 31.793075799942017
319 31.899521589279175
320 31.99622893333435
321 32.09184169769287
322 32.19392943382263
323 32.29500484466553
324 32.394110918045044
325 32.49359607696533
326 32.59495282173157
327 32.69689130783081
328 32.79761576652527
329 32.89243769645691
330 32.997732400894165
331 33.09974980354309
332 33.19123029708862
333 33.29878497123718
334 33.39840602874756
335 33.496713161468506
336 33.59878945350647
337 33.69762921333313
338 33.80022883415222
339 33.89852261543274
340 34.00096797943115
341 34.09704327583313
342 34.19794034957886
343 34.300711154937744
344 34.40391492843628
345 34.49732494354248
346 34.59719753265381
347 34.70004963874817
348 34.80076241493225
349 34.90195059776306
350 35.00740456581116
351 35.09131455421448
352 35.199103116989136
353 35.29415512084961
354 35.39778280258179
355 35.50081181526184
356 35.598663330078125
357 35.69878649711609
358 35.7996346950531
359 35.89910960197449
360 35.99961757659912
361 36.09838533401489
362 36.19802951812744
363 36.29837441444397
364 36.399291038513184
365 36.49856638908386
366 36.59667658805847
367 36.699952363967896
368 36.79644322395325
369 36.90050411224365
370 36.99676060676575
371 37.09476017951965
372 37.197083950042725
373 37.2949492931366
374 37.39768171310425
375 37.49878191947937
376 37.598204612731934
377 37.694363594055176
378 37.798168659210205
379 37.89454960823059
380 37.997756481170654
381 38.0974280834198
382 38.19617795944214
383 38.29768466949463
384 38.39684510231018
385 38.49452185630798
386 38.600051164627075
387 38.69483685493469
388 38.80928659439087
389 38.894644021987915
390 38.99366736412048
391 39.094940423965454
392 39.193933725357056
393 39.296329975128174
394 39.394460678100586
395 39.49716806411743
396 39.595200061798096
397 39.70080327987671
398 39.79456949234009
399 39.896474838256836
400 39.996795415878296
401 40.0961549282074
402 40.19758939743042
403 40.29884052276611
404 40.398709535598755
405 40.489625453948975
406 40.594385385513306
407 40.696996450424194
408 40.79515767097473
409 40.8950309753418
410 40.99865698814392
411 41.102033615112305
412 41.19452142715454
413 41.294718742370605
414 41.398677825927734
415 41.49232339859009
416 41.59911060333252
417 41.69844460487366
418 41.79444241523743
419 41.89703702926636
420 41.99641156196594
421 42.09722828865051
422 42.19551086425781
423 42.29474949836731
424 42.398621797561646
425 42.49719452857971
426 42.59605121612549
427 42.69632339477539
428 42.795125007629395
429 42.89290142059326
430 42.99553370475769
431 43.0971565246582
432 43.19334936141968
433 43.29695773124695
434 43.39381146430969
435 43.50402855873108
436 43.59689116477966
437 43.69455671310425
438 43.79558610916138
439 43.89481282234192
440 43.993834018707275
441 44.09574007987976
442 44.19436693191528
443 44.29570960998535
444 44.39704704284668
445 44.4976487159729
446 44.5936644077301
447 44.69481420516968
448 44.796852350234985
449 44.895864963531494
450 44.995835065841675
451 45.09730386734009
452 45.1967830657959
453 45.29921102523804
454 45.39465641975403
455 45.49391031265259
456 45.59649181365967
457 45.69631505012512
458 45.79560160636902
459 45.89048528671265
460 45.994999408721924
461 46.09861469268799
462 46.18958592414856
463 46.2980375289917
464 46.396018743515015
465 46.49443697929382
466 46.59727764129639
467 46.695239782333374
468 46.79696798324585
469 46.89881253242493
470 47.00192642211914
471 47.09524178504944
472 47.19229173660278
473 47.296701431274414
474 47.39746594429016
475 47.495187520980835
476 47.59160041809082
477 47.69978046417236
478 47.79621171951294
479 47.89682722091675
480 47.99771428108215
481 48.097315073013306
482 48.19506287574768
483 48.29442477226257
484 48.39472675323486
485 48.494752407073975
486 48.59727168083191
487 48.69545364379883
488 48.79528760910034
489 48.8994779586792
490 48.99430704116821
491 49.09731912612915
492 49.19644808769226
493 49.31310415267944
494 49.394306898117065
495 49.49554753303528
496 49.59382724761963
497 49.69542980194092
498 49.79454588890076
499 49.897738218307495
500 49.99846124649048
501 50.096396684646606
502 50.19816756248474
503 50.29487419128418
504 50.3983678817749
505 50.49756407737732
506 50.59541440010071
507 50.699408769607544
508 50.795201539993286
509 50.8942551612854
510 50.99617028236389
511 51.09425759315491
512 51.1981897354126
513 51.298709869384766
514 51.40036344528198
515 51.49818396568298
516 51.59903049468994
517 51.69688630104065
518 51.79957723617554
519 51.90446472167969
520 51.997852087020874
521 52.09186291694641
522 52.19539451599121
523 52.29903483390808
524 52.39400601387024
525 52.498040199279785
526 52.59958100318909
527 52.700138330459595
528 52.79776740074158
529 52.89751648902893
530 53.00007915496826
531 53.09534978866577
532 53.197795391082764
533 53.30066466331482
534 53.399176597595215
535 53.49778962135315
536 53.599472999572754
537 53.70368313789368
538 53.804203748703
539 53.918020725250244
540 54.00179576873779
541 54.09774661064148
542 54.1971492767334
543 54.30429697036743
544 54.40646243095398
545 54.502683877944946
546 54.60304641723633
547 54.702367067337036
548 54.804901361465454
549 54.896979570388794
550 55.00523114204407
551 55.10637164115906
552 55.20096254348755
553 55.301777601242065
554 55.40214991569519
555 55.50154948234558
556 55.606449127197266
557 55.70497965812683
558 55.80591821670532
559 55.90979599952698
560 56.00676655769348
561 56.10225868225098
562 56.198490858078
563 56.301565170288086
564 56.4055540561676
565 56.507091760635376
566 56.60706639289856
567 56.70353841781616
568 56.80295467376709
569 56.90308618545532
570 57.00747847557068
571 57.125909090042114
572 57.200191259384155
573 57.30362796783447
574 57.40490698814392
575 57.50116419792175
576 57.6082763671875
577 57.70348143577576
578 57.80515170097351
579 57.89700150489807
580 58.00706958770752
581 58.10444688796997
582 58.20200300216675
583 58.30366921424866
584 58.40695810317993
585 58.50495767593384
586 58.59590196609497
587 58.697214126586914
588 58.799214124679565
589 58.89681029319763
590 58.9992356300354
591 59.1011598110199
592 59.19668412208557
593 59.297900438308716
594 59.39772295951843
595 59.49852395057678
