0 0.01540684700012207
1 0.11621356010437012
2 0.21937084197998047
3 0.31441664695739746
4 0.41879796981811523
5 0.5177247524261475
6 0.6147074699401855
7 0.7147977352142334
8 0.8176617622375488
9 0.9173593521118164
10 1.017000436782837
11 1.1186330318450928
12 1.2211947441101074
13 1.316131591796875
14 1.418464183807373
15 1.5166940689086914
16 1.6140964031219482
17 1.718153953552246
18 1.8135395050048828
19 1.9176771640777588
20 2.0142104625701904
21 2.1175832748413086
22 2.216075897216797
23 2.3139140605926514
24 2.418039560317993
25 2.518162727355957
26 2.6121644973754883
27 2.721498489379883
28 2.818326234817505
29 2.9152393341064453
30 3.016934394836426
31 3.1156203746795654
32 3.214596748352051
33 3.3161141872406006
34 3.417229175567627
35 3.5176193714141846
36 3.61149001121521
37 3.7154860496520996
38 3.8174331188201904
39 3.9191086292266846
40 4.015209674835205
41 4.115611791610718
42 4.2181549072265625
43 4.313237190246582
44 4.419317007064819
45 4.520521640777588
46 4.616420745849609
47 4.717522621154785
48 4.821100473403931
49 4.919473886489868
50 5.014769792556763
51 5.116508960723877
52 5.220882415771484
53 5.3165717124938965
54 5.419728755950928
55 5.520353078842163
56 5.615014314651489
57 5.718922138214111
58 5.81914758682251
59 5.916538238525391
60 6.016539096832275
61 6.120043754577637
62 6.218095302581787
63 6.316368579864502
64 6.415715456008911
65 6.516507625579834
66 6.613914251327515
67 6.7179670333862305
68 6.817529916763306
69 6.918815851211548
70 7.015050411224365
71 7.115619421005249
72 7.2176525592803955
73 7.3128297328948975
74 7.420380353927612
75 7.517749071121216
76 7.620855331420898
77 7.720409393310547
78 7.819973945617676
79 7.922223806381226
80 8.018112421035767
81 8.126047372817993
82 8.223522186279297
83 8.3159499168396
84 8.421202898025513
85 8.522852897644043
86 8.61781930923462
87 8.71718168258667
88 8.819368124008179
89 8.92158579826355
90 9.017733097076416
91 9.118528842926025
92 9.216893196105957
93 9.31688380241394
94 9.420246124267578
95 9.519709825515747
96 9.61628270149231
97 9.715532064437866
98 9.819220542907715
99 9.920006275177002
100 10.019423246383667
101 10.117474794387817
102 10.218340873718262
103 10.315812826156616
104 10.418700218200684
105 10.519280910491943
106 10.628777503967285
107 10.71636414527893
108 10.814701557159424
109 10.915280103683472
110 11.015106678009033
111 11.11716341972351
112 11.220480680465698
113 11.315807819366455
114 11.41647744178772
115 11.515309572219849
116 11.614115476608276
117 11.71675443649292
118 11.816838026046753
119 11.920647859573364
120 12.016096591949463
121 12.121298789978027
122 12.219551801681519
123 12.315934896469116
124 12.415482759475708
125 12.518588542938232
126 12.617148399353027
127 12.715462446212769
128 12.817651987075806
129 12.918184757232666
130 13.015403747558594
131 13.115937232971191
132 13.218685150146484
133 13.321237564086914
134 13.4188232421875
135 13.518567562103271
136 13.62224793434143
137 13.719123363494873
138 13.816069602966309
139 13.915958166122437
140 14.016940593719482
141 14.116507530212402
142 14.216827154159546
143 14.31633734703064
144 14.41774868965149
145 14.517937898635864
146 14.612783193588257
147 14.718763589859009
148 14.817044734954834
149 14.922516822814941
150 15.016311645507812
151 15.116353034973145
152 15.22120451927185
153 15.31515383720398
154 15.414057731628418
155 15.514169692993164
156 15.618435382843018
157 15.717665672302246
158 15.816604614257812
159 15.913412094116211
160 16.020932912826538
161 16.117085695266724
162 16.216014862060547
163 16.315321683883667
164 16.41751265525818
165 16.516520738601685
166 16.612979888916016
167 16.717958211898804
168 16.815374851226807
169 16.913344621658325
170 17.01428771018982
171 17.11954402923584
172 17.21187448501587
173 17.313467264175415
174 17.415111780166626
175 17.517744064331055
176 17.610112190246582
177 17.71567440032959
178 17.81399893760681
179 17.91011643409729
180 18.011531591415405
181 18.109105587005615
182 18.21391987800598
183 18.31057095527649
184 18.412858963012695
185 18.515748500823975
186 18.61183762550354
187 18.717425107955933
188 18.810452222824097
189 18.91468644142151
190 19.01410484313965
191 19.119043111801147
192 19.21183705329895
193 19.31241226196289
194 19.41305112838745
195 19.508710384368896
196 19.612580060958862
197 19.713164567947388
198 19.817562341690063
199 19.91078519821167
200 20.01135540008545
201 20.1112117767334
202 20.208637237548828
203 20.311808586120605
204 20.41223978996277
205 20.510117292404175
206 20.609838247299194
207 20.712398290634155
208 20.809624195098877
209 20.90678119659424
210 21.009885787963867
211 21.108515739440918
212 21.207835912704468
213 21.311886072158813
214 21.414917469024658
215 21.50770139694214
216 21.612767934799194
217 21.709755897521973
218 21.807821035385132
219 21.907909631729126
220 22.016512393951416
221 22.11680245399475
222 22.21491289138794
223 22.312353134155273
224 22.411468744277954
225 22.514438152313232
226 22.60872197151184
227 22.713710069656372
228 22.80798101425171
229 22.9080069065094
230 23.01150417327881
231 23.107213258743286
232 23.20708703994751
233 23.3130362033844
234 23.40646004676819
235 23.515020608901978
236 23.61227512359619
237 23.711409091949463
238 23.80957007408142
239 23.90962052345276
240 24.009854078292847
241 24.110397815704346
242 24.208842515945435
243 24.309454202651978
244 24.41254687309265
245 24.513734102249146
246 24.609054803848267
247 24.714772939682007
248 24.808671236038208
249 24.91038966178894
250 25.015378713607788
251 25.112916946411133
252 25.209383726119995
253 25.314313888549805
254 25.416499137878418
255 25.516475677490234
256 25.608949422836304
257 25.713131427764893
258 25.81664800643921
259 25.912410974502563
260 26.012993574142456
261 26.12075138092041
262 26.217937469482422
263 26.31367015838623
264 26.416378259658813
265 26.510310649871826
266 26.62231469154358
267 26.71456241607666
268 26.81868624687195
269 26.91317105293274
270 27.01311993598938
271 27.112799167633057
272 27.217376708984375
273 27.313785552978516
274 27.414175987243652
275 27.514963388442993
276 27.617273330688477
277 27.717010259628296
278 27.811197996139526
279 27.90985107421875
280 28.01209592819214
281 28.10978078842163
282 28.21638298034668
283 28.314033269882202
284 28.41380548477173
285 28.50967764854431
286 28.61220359802246
287 28.71121335029602
288 28.813321590423584
289 28.914352416992188
290 29.012510538101196
291 29.117080688476562
292 29.210710048675537
293 29.311229944229126
294 29.416553735733032
295 29.50903081893921
296 29.61270833015442
297 29.71835708618164
298 29.81580924987793
299 29.912451028823853
300 30.014195919036865
301 30.116342544555664
302 30.21495246887207
303 30.318557500839233
304 30.41586685180664
305 30.509552478790283
306 30.610509395599365
307 30.714886903762817
308 30.809590578079224
309 30.909854412078857
310 31.01167321205139
311 31.112932920455933
312 31.20900869369507
313 31.312563180923462
314 31.411552667617798
315 31.509716510772705
316 31.609267234802246
317 31.712876558303833
318 31.811838626861572
319 31.908771514892578
320 32.01019787788391
321 32.115946531295776
322 32.20817255973816
323 32.30966782569885
324 32.41468858718872
325 32.50768184661865
326 32.60907006263733
327 32.71132230758667
328 32.8090763092041
329 32.91395854949951
330 33.011906147003174
331 33.114094257354736
332 33.21688508987427
333 33.310551404953
334 33.4204580783844
335 33.51028227806091
336 33.61152410507202
337 33.71231532096863
338 33.81449294090271
339 33.91206169128418
340 34.010905265808105
341 34.11539649963379
342 34.210697412490845
343 34.31331133842468
344 34.415319204330444
345 34.51414632797241
346 34.60967803001404
347 34.71259140968323
348 34.81020784378052
349 34.9203839302063
350 35.01107835769653
351 35.112478494644165
352 35.21015906333923
353 35.31213974952698
354 35.41354966163635
355 35.511080265045166
356 35.60878109931946
357 35.71475577354431
358 35.809797048568726
359 35.90939807891846
360 36.012879610061646
361 36.110740184783936
362 36.20953392982483
363 36.30924725532532
364 36.41227841377258
365 36.51420712471008
366 36.61423349380493
367 36.71349740028381
368 36.81117653846741
369 36.90781879425049
370 37.01029872894287
371 37.1160569190979
372 37.209776878356934
373 37.314780712127686
374 37.41215753555298
375 37.51152467727661
376 37.609275817871094
377 37.711076736450195
378 37.81358981132507
379 37.91130018234253
380 38.0149085521698
381 38.11187124252319
382 38.209593296051025
383 38.30982732772827
384 38.409878969192505
385 38.51212477684021
386 38.611560106277466
387 38.7140736579895
388 38.80971550941467
389 38.91351866722107
390 39.00886344909668
391 39.10970091819763
392 39.20897126197815
393 39.31016159057617
394 39.40894675254822
395 39.509586334228516
396 39.60815644264221
397 39.71361470222473
398 39.812665700912476
399 39.90936303138733
400 40.01342177391052
401 40.10914754867554
402 40.210649490356445
403 40.30959224700928
404 40.41074252128601
405 40.51218390464783
406 40.61260914802551
407 40.70978355407715
408 40.8108856678009
409 40.90774631500244
410 41.01370453834534
411 41.108301639556885
412 41.209304332733154
413 41.31047868728638
414 41.41539740562439
415 41.51097583770752
416 41.611560106277466
417 41.70762872695923
418 41.80848240852356
419 41.908891677856445
420 42.00993824005127
421 42.10948824882507
422 42.21014642715454
423 42.313027143478394
424 42.40852499008179
425 42.508567094802856
426 42.61062669754028
427 42.708754539489746
428 42.8087363243103
429 42.909015417099
430 43.009432554244995
431 43.10739326477051
432 43.21068477630615
433 43.30723857879639
434 43.40838408470154
435 43.508136510849
436 43.608179330825806
437 43.70798945426941
438 43.80847358703613
439 43.9070930480957
440 44.01311016082764
441 44.11286807060242
442 44.20936131477356
443 44.312052965164185
444 44.40783333778381
445 44.50935077667236
446 44.61103940010071
447 44.70880627632141
448 44.81019401550293
449 44.91173553466797
450 45.009788274765015
451 45.10922169685364
452 45.20825529098511
453 45.31294846534729
454 45.416850566864014
455 45.51027536392212
456 45.60946726799011
457 45.7096734046936
458 45.80811262130737
459 45.90874004364014
460 46.00926160812378
461 46.10939621925354
462 46.210466623306274
463 46.31076526641846
464 46.41041588783264
465 46.50879120826721
466 46.60829401016235
467 46.709758043289185
468 46.81085181236267
469 46.9135639667511
470 47.00811696052551
471 47.10789632797241
472 47.209503173828125
473 47.30912470817566
474 47.415146350860596
475 47.50889492034912
476 47.613351583480835
477 47.71303343772888
478 47.80771613121033
479 47.913217544555664
480 48.00860643386841
481 48.113096952438354
482 48.21417999267578
483 48.312514543533325
484 48.41082143783569
485 48.51147437095642
486 48.60933208465576
487 48.71359467506409
488 48.81290578842163
489 48.91202473640442
490 49.011282205581665
491 49.11173105239868
492 49.21035432815552
493 49.30983114242554
494 49.41261672973633
495 49.51179766654968
496 49.609997034072876
497 49.71000385284424
498 49.81030607223511
499 49.912811279296875
500 50.00688815116882
501 50.10899353027344
502 50.20985770225525
503 50.30841279029846
504 50.408379793167114
505 50.50860643386841
506 50.60918164253235
507 50.707947731018066
508 50.808168172836304
509 50.914560317993164
510 51.012781620025635
511 51.108723878860474
512 51.210514068603516
513 51.309462785720825
514 51.41438841819763
515 51.51446557044983
516 51.607118129730225
517 51.711862325668335
518 51.811651945114136
519 51.907954692840576
520 52.00900840759277
521 52.10882019996643
522 52.210365295410156
523 52.312204360961914
524 52.41214370727539
525 52.51146197319031
526 52.60923218727112
527 52.71075105667114
528 52.80898690223694
529 52.91501188278198
530 53.009934425354004
531 53.11545968055725
532 53.21010184288025
533 53.31333827972412
534 53.40900421142578
535 53.509366512298584
536 53.60905575752258
537 53.71148753166199
538 53.81012678146362
539 53.909812688827515
540 54.01491022109985
541 54.11258578300476
542 54.21092939376831
543 54.31316542625427
544 54.414265155792236
545 54.51472210884094
546 54.609426975250244
547 54.70977425575256
548 54.809486389160156
549 54.90809369087219
550 55.01770806312561
551 55.11370396614075
552 55.21365547180176
553 55.31743764877319
554 55.41132640838623
555 55.51459717750549
556 55.61111497879028
557 55.712979555130005
558 55.8141131401062
559 55.912516593933105
560 56.02155518531799
561 56.109447956085205
562 56.21164894104004
563 56.31097865104675
564 56.41184449195862
565 56.51155972480774
566 56.61520552635193
567 56.71170163154602
568 56.81169104576111
569 56.910420179367065
570 57.011927366256714
571 57.111706256866455
572 57.21206045150757
573 57.31880283355713
574 57.412750482559204
575 57.51088261604309
576 57.6114227771759
577 57.711859464645386
578 57.815847396850586
579 57.91987371444702
580 58.01587247848511
581 58.11351561546326
582 58.21314525604248
583 58.32029724121094
584 58.41441798210144
585 58.51465940475464
586 58.61336278915405
587 58.717342138290405
588 58.81258940696716
589 58.91254019737244
590 59.015899419784546
591 59.11567306518555
592 59.214160442352295
593 59.310245990753174
594 59.41283440589905
595 59.51352000236511

