0 0.0037581920623779297
1 0.10626888275146484
2 0.20412468910217285
3 0.3026444911956787
4 0.4022364616394043
5 0.5034744739532471
6 0.6036787033081055
7 0.7047181129455566
8 0.7992563247680664
9 0.8948822021484375
10 1.0024642944335938
11 1.1025776863098145
12 1.2040541172027588
13 1.303563117980957
14 1.4054961204528809
15 1.5032856464385986
16 1.6057000160217285
17 1.7084593772888184
18 1.8048386573791504
19 1.9051711559295654
20 2.004072904586792
21 2.1075820922851562
22 2.199902296066284
23 2.303499937057495
24 2.404914379119873
25 2.505659818649292
26 2.6009092330932617
27 2.7025489807128906
28 2.8061444759368896
29 2.9014010429382324
30 3.005002975463867
31 3.1057965755462646
32 3.209829568862915
33 3.3075547218322754
34 3.411609411239624
35 3.502741575241089
36 3.604057550430298
37 3.70542049407959
38 3.806165933609009
39 3.902209758758545
40 4.004607915878296
41 4.101417064666748
42 4.205169200897217
43 4.3084716796875
44 4.408307313919067
45 4.504486083984375
46 4.606359243392944
47 4.706055402755737
48 4.8033483028411865
49 4.902250528335571
50 5.008403539657593
51 5.106092929840088
52 5.217408180236816
53 5.306930780410767
54 5.403607368469238
55 5.505720138549805
56 5.60326886177063
57 5.70899772644043
58 5.806539535522461
59 5.902913331985474
60 6.0053322315216064
61 6.101071834564209
62 6.205476999282837
63 6.3073790073394775
64 6.407690525054932
65 6.507034540176392
66 6.601010084152222
67 6.706256866455078
68 6.806127548217773
69 6.905951499938965
70 7.003003120422363
71 7.106781005859375
72 7.203897714614868
73 7.309211730957031
74 7.410355806350708
75 7.506994247436523
76 7.603909492492676
77 7.703815460205078
78 7.806166648864746
79 7.902917861938477
80 8.00745415687561
81 8.106693267822266
82 8.203864097595215
83 8.306080341339111
84 8.401252031326294
85 8.506230592727661
86 8.607581853866577
87 8.713105916976929
88 8.805510759353638
89 8.906105279922485
90 9.008312463760376
91 9.105400085449219
92 9.2080078125
93 9.311652660369873
94 9.403334379196167
95 9.50559139251709
96 9.60331416130066
97 9.70319652557373
98 9.805564165115356
99 9.904681205749512

